
file name: av00_medium_layer_cons.txt
date: 11-Jan-2022
nobs = 8759,  ngood = 7597,  record length (days) = 364.96
start time: 01-Jan-2013 01:00:00
rayleigh criterion = 1.0
Greenwich phase computed with nodal corrections applied to amplitude \n and phase relative to center time

x0= 0.000575, x trend= 0

var(x)= 0.15351   var(xp)= 0.14486   var(xres)= 0.0092871
percent var predicted/var original= 94.4 %

y0= 0.0166, x trend= 0

var(y)= 0.0056743    var(yp)= 0.0035422  var(yres)= 0.0021543
percent var predicted/var original= 62.4 %

ellipse parameters with 95%% CI estimates

tide   freq      major  emaj    minor   emin     inc    einc     pha    epha      snr
 SSA  0.0002282  0.020   0.024  -0.003   0.01    26.43  35.57   159.06  87.94   0.73
 MSM  0.0013098  0.017   0.020   0.001   0.02    39.42  49.11   253.91  89.01   0.74
 MM   0.0015122  0.010   0.021  -0.001   0.01    39.52  46.98   331.51 154.26   0.21
 MSF  0.0028219  0.009   0.018  -0.002   0.01    88.85 204.87    70.42 114.55   0.25
 MF   0.0030501  0.004   0.018   0.001   0.01   141.14  43.65   164.45 204.49  0.039
 ALP1 0.0343966  0.002   0.004   0.000   0.00   172.25  45.12    78.12 110.01   0.35
 2Q1  0.0357064  0.003   0.005   0.001   0.00   175.99  36.12   149.45  93.32   0.48
 SIG1 0.0359087  0.004   0.004  -0.000   0.00   173.89  35.21   159.91  71.74   0.71
*Q1   0.0372185  0.010   0.006   0.003   0.00   174.81  18.19   281.22  37.07    3.3
 RHO1 0.0374209  0.003   0.004  -0.000   0.00    16.55  42.46   136.44  90.59   0.64
*O1   0.0387307  0.026   0.005   0.010   0.00   178.24   7.73   355.92  12.15     26
 TAU1 0.0389588  0.002   0.003   0.000   0.00     7.89  39.17   245.28 125.92   0.36
 BET1 0.0400404  0.004   0.004   0.001   0.00    12.47  33.04   259.49  85.37   0.79
 NO1  0.0402686  0.002   0.003   0.001   0.00    44.03  74.80    39.11 110.95   0.43
 CHI1 0.0404710  0.002   0.004   0.000   0.00   159.36  49.35    44.79 119.99   0.35
*P1   0.0415526  0.009   0.005   0.003   0.00   177.07  15.30   133.13  31.34    3.9
*K1   0.0417807  0.020   0.004   0.008   0.00   172.42  10.97   145.53  18.12     22
 PHI1 0.0420089  0.004   0.004   0.001   0.00   172.59  28.32    80.82  57.64   0.97
 THE1 0.0430905  0.004   0.004   0.000   0.00     1.10  27.66   175.86  60.06    1.1
 J1   0.0432929  0.003   0.004   0.002   0.00    40.05  82.74   124.91  98.52   0.78
 SO1  0.0446027  0.005   0.004   0.000   0.00   172.50  27.57   283.87  67.89    1.2
 OO1  0.0448308  0.006   0.007  -0.001   0.00   158.74  38.54   146.37  85.19   0.85
 UPS1 0.0463430  0.002   0.005  -0.000   0.00    25.75  50.19    83.24 147.11   0.23
 OQ2  0.0759749  0.008   0.016   0.003   0.01   176.76  29.64   228.96 145.25   0.24
 EPS2 0.0761773  0.007   0.013   0.000   0.01   153.31  29.39   148.29 142.36   0.27
 2N2  0.0774871  0.017   0.015   0.002   0.01   172.83  14.57     7.77  58.36    1.3
*MU2  0.0776895  0.046   0.017   0.006   0.00   178.05   6.17   142.76  20.61    7.3
*N2   0.0789992  0.080   0.015   0.012   0.00   176.69   3.22    31.39  11.73     27
*NU2  0.0792016  0.031   0.016   0.004   0.00   178.92  10.00    30.24  33.19    3.9
*M2   0.0805114  0.495   0.014   0.068   0.00   176.35   0.64    53.57   2.07 1.3e+03
 MKS2 0.0807396  0.018   0.018   0.006   0.01   175.16  28.28   345.34  86.75      1
*LDA2 0.0818212  0.027   0.015   0.002   0.00   177.80   9.18    50.33  35.92    3.3
*L2   0.0820236  0.038   0.016   0.003   0.00   176.82   5.82    61.23  20.55      6
*S2   0.0833333  0.137   0.015   0.018   0.00   176.85   1.89   116.88   7.34     83
*K2   0.0835615  0.043   0.021   0.006   0.00   177.59   8.44   105.64  26.71    4.2
 MSN2 0.0848455  0.008   0.012   0.001   0.01    24.09  30.16   125.27 105.24    0.5
 ETA2 0.0850736  0.004   0.016   0.000   0.01    28.80  28.77   310.22 221.88  0.057
*MO3  0.1192421  0.007   0.003  -0.000   0.00     5.04  10.70    23.23  21.66    7.1
 M3   0.1207671  0.003   0.002  -0.000   0.00   178.36  27.84   198.45  64.79    1.6
 SO3  0.1220640  0.003   0.002   0.000   0.00    17.90  31.79   108.67  62.13    1.4
*MK3  0.1222921  0.006   0.003  -0.000   0.00    11.61  13.82   138.28  25.45    5.4
 SK3  0.1251141  0.002   0.002  -0.000   0.00   170.08  44.95    96.61  83.62   0.89
*MN4  0.1595106  0.018   0.005  -0.001   0.00    13.90   9.48    21.98  15.57     13
*M4   0.1610228  0.050   0.004   0.001   0.00    20.17   3.27    42.22   5.68 1.4e+02
 SN4  0.1623326  0.005   0.005   0.001   0.00    11.53  32.46   186.31  54.49    1.3
*MS4  0.1638447  0.029   0.004   0.004   0.00    21.23   6.11    98.61  10.77     45
*MK4  0.1640729  0.009   0.005   0.001   0.00    22.06  24.56   108.89  39.69    3.3
 S4   0.1666667  0.003   0.004   0.000   0.00     7.54  43.96   173.73 104.70   0.57
 SK4  0.1668948  0.002   0.003   0.000   0.00   104.50 121.24    87.44 124.57   0.33
 2MK5 0.2028035  0.002   0.002  -0.000   0.00     5.79  33.86   344.56  58.19    1.1
 2SK5 0.2084474  0.001   0.001   0.000   0.00    68.37  85.75   159.46  66.58    1.4
*2MN6 0.2400221  0.004   0.002   0.002   0.00   170.35  27.49   310.56  46.74    3.3
*M6   0.2415342  0.010   0.002   0.003   0.00   163.95   9.91   333.94  13.28     23
*2MS6 0.2443561  0.012   0.002   0.003   0.00   163.11   7.81    25.17  10.62     24
 2MK6 0.2445843  0.003   0.002   0.001   0.00   148.21  55.30   350.19  69.17    1.2
*2SM6 0.2471781  0.003   0.002   0.000   0.00   161.30  25.87    53.64  39.68    2.1
 MSK6 0.2474062  0.001   0.002   0.001   0.00    57.65 100.87   317.71 173.97   0.21
 3MK7 0.2833149  0.001   0.001  -0.000   0.00    98.59 113.33    23.64  87.32    1.1
*M8   0.3220456  0.003   0.001   0.001   0.00    65.08  27.72    19.88  26.47     12

total var= 0.15918   pred var= 0.14841
percent total var predicted/var original= 93.2 %

